H1_T1_R1	H1_T1_R2	H1_T1_R3	H1_T2_R1	H1_T2_R2	H1_T2_R3	H1_T3_R1	H1_T3_R2	H1_T3_R3	H2_T1_R1	H2_T1_R3	H2_T2_R1	H2_T2_R2	H2_T2_R3	H2_T3_R1	H2_T3_R2	H2_T3_R3	H3_T1_R1	H3_T1_R2	H3_T1_R3	H3_T2_R1	H3_T2_R2	H3_T2_R3	H3_T3_R1	H3_T3_R2	H3_T3_R3	H4_T1_R1	H4_T1_R2	H4_T1_R3	H4_T2_R1_dup	H4_T2_R1	H4_T2_R2	H4_T2_R3	H4_T3_R1	H4_T3_R2	H4_T3_R3	H5_T1_R1	H5_T1_R2	H5_T1_R3	H5_T2_R1	H5_T2_R2	H5_T2_R3	H5_T3_R1	H5_T3_R2	H5_T3_R3	H6_T1_R1	H6_T1_R2	H6_T1_R3	H6_T2_R1	H6_T2_R2	H6_T2_R3	H6_T3_R1	H6_T3_R2	H6_T3_R3	H7_T1_R1	H7_T1_R2	H7_T1_R3	H7_T2_R1	H7_T2_R2	H7_T2_R3	H7_T3_R1	H7_T3_R2	H7_T3_R3	H8_T1_R1	H8_T1_R2	H8_T1_R3	H8_T2_R1	H8_T2_R2	H8_T2_R3	H8_T3_R1	H8_T3_R2	H8_T3_R3	H9_T1_R1	H9_T1_R2	H9_T1_R3	H9_T2_R1	H9_T2_R2	H9_T2_R3	H9_T3_R1	H9_T3_R2	H9_T3_R3
SV_1	3302	5300	3941	2467	4306	2946	4249	2643	2987	2197	2847	4690	4169	4020	2641	1998	929	9808	6176	4956	4354	2998	5899	3621	3825	5157	7157	5116	6163	6008	6539	4812	4467	3190	2640	2566	3517	4648	2710	4031	2581	5372	5979	5060	3713	4059	2088	2334	3213	4475	4724	5075	5536	3137	7047	6530	5171	5102	2984	6128	3658	3178	2695	6086	3941	5060	4040	5727	4646	4123	4167	3336	6922	7300	3536	2730	2436	1578	2644	4663	2642
SV_2	5021	2683	8866	1656	3423	787	1068	1198	2251	5282	4200	2283	3072	6043	2710	10748	2504	9810	15550	6958	2689	3253	3301	5537	8285	3118	8943	2560	4839	3809	4068	3583	3027	3253	5017	3581	2328	2718	1236	5621	2873	6391	1755	2994	2348	1295	4853	6552	9824	1910	2408	4881	2005	1568	1622	2982	2944	1352	1000	2190	2244	2188	3712	2309	1136	4174	2953	2245	3186	3505	4984	3276	2998	3072	1540	7953	1279	1576	2577	3957	1687
SV_3	2868	1714	1365	1885	3793	1270	327	959	1084	1997	1023	1524	1598	2067	1339	1345	882	895	1543	2367	3910	5327	2088	1348	1580	487	3109	5210	5882	2415	2263	2524	9416	2034	4831	4855	1471	2445	1521	2339	4268	4701	5197	3416	4325	2737	3182	2876	7237	2144	807	3100	3506	4250	4395	3667	3167	3960	181	3602	7245	323	2113	1697	1159	3353	5434	976	5870	2443	4026	747	1285	2820	591	1488	1156	309	4013	2165	1310
SV_4	826	1408	1065	376	239	3640	1357	981	508	2723	812	424	3515	835	927	914	232	714	857	862	1233	972	1759	2722	947	2164	2176	771	540	2074	2132	2303	4035	210	521	126	350	2474	1054	2762	1069	1156	1326	4071	1123	1932	3768	5817	1561	1166	1620	1241	4246	1718	3056	3580	972	2981	4663	3768	1796	2159	5137	980	1249	1039	1991	1099	1955	1950	2306	2243	3037	3147	2159	3613	1373	494	3925	1236	945
SV_5	1776	821	1438	3546	489	3363	2169	191	4483	1409	2264	2382	2495	513	591	1471	294	705	666	4075	702	1057	1233	836	579	2575	174	950	3225	1711	1836	582	1380	217	819	486	1828	1307	2038	2479	1261	1611	4127	945	753	162	457	1121	338	1234	1965	456	1138	1517	2003	3828	421	631	1184	300	562	1502	369	1669	1147	514	717	1066	792	1433	2441	1299	735	3971	5649	5355	4141	1714	3836	2305	2760
SV_6	529	643	458	5960	4298	1678	5280	1903	126	268	253	2220	546	964	1389	156	1202	1633	2327	260	1053	520	214	3755	545	1953	1376	970	267	471	456	943	3141	1647	269	390	897	1279	1001	674	866	740	648	1911	2715	1164	1882	864	3421	1969	1681	642	1195	598	1208	2656	881	781	2609	377	883	156	4728	2610	2454	452	3493	8982	3776	192	1963	708	4066	847	548	202	1162	374	276	832	1278
SV_7	1396	538	582	1308	1235	1551	524	105	3688	1570	1008	458	185	1421	236	183	2110	471	1283	1276	282	2404	281	1547	3172	2204	669	752	3239	1256	1090	819	2034	2317	3114	838	3246	654	1560	2337	3166	835	2428	358	977	3540	4074	1034	634	1430	1142	1229	674	2139	1036	1213	3523	192	139	104	1610	392	984	107	1046	3097	2311	3488	2280	460	539	492	2701	2122	605	899	521	485	582	778	308
SV_8	970	1060	1563	1608	2192	590	3947	2586	1392	966	529	927	628	788	782	883	1277	1256	1071	3729	520	762	140	671	1406	865	274	1890	811	1559	1519	1123	1952	1519	840	1574	1229	2553	1500	3483	589	1945	3227	825	833	956	499	489	442	1634	1357	1021	1015	705	2159	1205	2913	886	1734	815	1198	2020	1368	310	1391	486	1126	2212	1486	1950	1593	1534	2576	2860	312	629	656	619	3496	609	770
SV_9	31	87	0	19	23	88	7311	3684	24610	4	49	0	56	186	804	6041	15	2668	458	896	671	6	74	62	426	159	56	9328	0	0	26	658	6895	2827	12555	13	0	0	650	0	18	42	221	66	151	9	17	18	0	0	0	198	0	0	0	40	41	278	28	0	9	33	74	13	27	1113	139	20	347	3723	1874	11155	0	142	17	6	10	49	33	78	0
SV_10	12200	220	2702	14	383	185	437	47	570	32	0	907	76	701	20	185	437	61	28	20	82	301	172	483	52	138	97	44	46	3097	3179	352	441	4283	5723	11944	6999	45	142	43	1123	188	101	131	203	88	121	284	72	199	4117	37	48	71	277	641	424	253	181	271	117	6640	184	25	23	87	1808	89	1872	4390	89	171	18	145	12	46	72	2994	256	326	455
SV_12	1698	62	276	440	109	105	252	222	128	791	594	559	208	276	104	0	437	284	1515	3333	873	512	5247	253	89	2578	66	158	481	230	234	117	183	112	150	629	48	272	320	118	1293	495	2519	129	167	459	304	324	357	819	2416	782	7667	285	130	395	171	1286	2137	1022	329	1005	1613	4504	1254	1514	1245	616	1283	1481	537	254	1350	4988	927	2463	346	381	1088	1374	608
SV_13	71	1454	638	907	291	858	902	1082	801	599	292	296	1574	1053	636	1244	944	432	336	1091	200	1404	51	241	1280	127	992	192	3358	667	646	3030	224	195	324	361	1844	282	576	1412	1776	627	1414	550	506	476	233	868	2298	988	277	1680	700	553	2134	1015	1383	244	491	685	315	297	999	132	1200	202	2034	637	2330	1034	1662	272	397	1148	1330	204	1354	86	326	408	689
SV_14	650	2339	988	722	751	2577	568	546	88	444	685	154	1212	91	210	1038	784	472	1903	861	291	285	2435	790	466	501	1548	471	1119	999	1023	358	932	1766	189	1666	1461	1397	1329	1310	347	1059	2857	1211	1622	284	1169	1180	555	476	749	140	259	533	2656	213	552	646	201	611	621	635	88	1475	1082	1025	1120	569	1301	226	551	712	275	553	60	78	194	1169	637	243	1134
SV_15	287	598	339	662	916	371	583	995	958	1295	556	1339	118	611	1082	348	2157	1698	412	1967	88	117	161	354	315	227	73	247	130	946	949	750	1849	1589	2856	89	783	131	986	318	1183	240	444	995	459	373	1170	451	2445	619	217	690	943	605	3440	477	1960	1602	798	535	3754	1596	926	582	299	592	396	1203	447	119	279	827	2832	757	339	217	437	278	350	123	1414
SV_16	241	432	444	415	0	1163	0	280	175	1010	117	437	875	70	744	457	113	94	162	79	1250	775	4180	158	309	774	256	49	413	703	715	782	1504	69	129	45	110	2041	112	750	208	501	965	503	1341	1729	6856	1364	274	1042	768	623	176	401	1551	1405	492	474	822	669	947	69	1496	825	1880	981	641	1227	717	1088	2222	774	981	1835	507	585	394	318	357	612	484
SV_17	365	0	2009	248	1110	542	699	173	720	1414	955	286	841	237	85	691	179	0	179	0	57	552	5115	84	156	417	36	700	180	1159	1092	516	85	0	275	118	166	1496	2103	302	94	1191	1239	342	2586	1777	401	267	584	1110	632	419	190	1664	180	247	379	2872	0	2110	1337	1912	1050	36	539	742	629	111	660	826	1031	256	199	1664	103	0	469	2961	3895	384	565
SV_18	944	651	1782	590	0	131	2605	103	328	393	403	128	1769	230	382	651	3318	6928	650	576	139	227	517	0	192	700	0	1626	271	1472	1505	165	114	668	1037	683	98	103	178	956	1029	251	412	212	199	627	2849	588	552	297	927	4936	420	1083	979	160	1738	307	0	207	786	288	1643	0	867	214	956	249	1059	261	415	359	302	2388	148	340	280	0	491	269	267
SV_19	389	304	334	462	498	462	340	213	78	717	490	108	851	270	769	667	1685	938	1835	2492	163	140	766	720	861	588	1708	993	140	860	913	205	287	582	457	53	758	775	557	1155	214	62	297	3140	177	1316	2272	226	122	296	0	2309	554	741	827	606	822	274	299	998	505	203	176	1159	2156	123	569	1353	587	679	927	367	395	1117	153	2063	83	984	162	647	819
SV_20	0	0	0	6759	242	0	142	518	0	95	9265	33	0	0	0	0	68	0	7682	998	8552	55	134	0	62	18	0	5060	62	0	0	0	83	0	0	63	0	0	0	28	0	69	52	58	65	49	123	0	478	68	194	0	32	1127	40	92	0	60	0	73	66	17	0	60	339	97	125	127	204	0	77	0	0	36	7095	0	1398	408	34	0	4459
SV_21	805	70	331	1102	220	1519	1217	48	469	131	288	1297	1371	490	343	519	195	294	553	360	1056	309	50	2062	618	397	244	487	664	809	828	320	200	187	101	439	960	1666	727	518	67	605	705	115	498	1053	85	93	59	1812	371	70	3489	590	993	104	343	108	561	206	672	908	668	488	109	69	283	60	322	811	215	598	1044	3534	2482	985	752	798	204	1187	1395
SV_22	555	91	564	51	134	1122	85	56	162	494	324	1085	1896	689	545	83	341	416	275	945	212	413	31	975	1035	93	16	462	819	1139	1170	204	86	53	130	661	1387	2128	682	497	59	573	867	130	755	2297	111	120	45	1063	455	69	1293	245	205	41	671	114	239	107	338	759	1193	344	103	735	136	61	158	334	134	61	2049	2429	2775	65	123	1113	222	890	1161
SV_23	212	76	323	221	548	741	524	769	232	469	253	666	1029	529	345	424	524	322	363	440	381	645	512	790	558	552	405	546	281	566	560	393	625	678	498	397	353	514	395	973	351	836	1238	929	719	520	640	893	445	963	903	749	938	551	679	443	758	739	775	734	870	789	789	515	421	437	306	696	313	826	449	359	1144	841	329	420	493	195	660	633	453
SV_24	64	0	0	56	48	0	1186	456	93	3945	0	1156	293	0	269	1191	0	1197	308	0	381	0	81	2370	300	228	38	54	544	98	45	0	98	193	0	102	292	0	294	662	0	319	2616	670	650	1768	2055	0	302	272	20	0	111	319	358	3260	2036	0	817	172	2032	25	259	3557	63	303	89	176	92	187	434	52	416	2693	406	99	0	149	610	663	286
SV_25	342	2447	685	728	493	421	192	243	301	989	213	0	335	247	499	813	182	951	337	233	138	4510	69	375	226	296	233	316	313	161	90	202	191	411	614	315	603	337	715	2111	275	567	933	645	755	1419	328	126	884	163	211	876	232	511	568	385	867	104	507	413	821	316	1662	63	482	237	157	454	149	255	206	110	697	1323	190	364	279	0	754	614	443
SV_26	450	541	117	709	25	411	365	318	695	521	70	842	370	1043	694	0	836	94	601	362	803	272	1332	810	216	100	472	183	176	211	176	69	522	569	496	280	110	808	104	1404	687	1440	623	614	165	72	71	119	115	2193	472	474	268	999	451	1043	745	107	185	231	563	169	1059	212	357	72	442	807	406	654	91	1565	1269	480	538	386	285	54	93	375	392
SV_27	543	1102	492	1412	319	68	123	159	105	1750	1198	447	502	547	174	383	229	276	226	207	60	266	77	307	330	356	166	295	3475	209	138	380	140	199	376	326	1008	444	762	2613	341	224	705	165	296	581	392	660	190	272	265	823	1059	694	252	194	1188	0	364	131	638	514	794	72	251	326	166	396	170	309	360	246	642	899	433	205	0	294	865	470	379
SV_28	3701	679	126	235	2192	1542	45	84	685	225	116	1106	503	163	143	93	115	438	531	363	204	623	0	288	102	91	0	87	998	705	817	538	494	532	94	324	336	340	224	456	82	1273	324	0	409	1933	346	662	0	278	330	198	179	335	883	417	650	0	0	851	67	289	177	764	352	315	96	172	116	231	379	183	428	832	125	87	508	0	1908	86	0
SV_29	95	384	628	206	258	102	454	120	207	427	632	286	499	131	935	195	181	185	314	428	684	986	770	150	94	713	0	303	451	516	528	102	182	399	225	731	497	522	324	2023	316	457	246	1088	138	0	234	120	531	286	993	1992	107	218	160	928	565	0	1245	90	613	471	311	1057	0	741	243	776	278	753	133	1230	66	516	130	0	597	411	170	340	106
SV_30	310	562	241	405	123	88	69	767	463	389	1059	277	730	447	630	829	387	1600	282	697	559	450	23	545	659	308	1171	537	280	661	610	122	717	729	751	348	462	158	301	533	350	315	439	564	227	244	452	312	651	480	146	297	812	224	119	60	155	145	168	18	674	315	580	182	175	588	279	298	310	581	171	456	621	648	214	133	86	125	39	68	156
SV_31	445	28	368	68	131	2096	256	27	1216	273	366	473	2295	720	375	94	159	82	189	1096	141	196	59	227	448	131	238	465	588	567	601	133	61	185	57	328	1011	1138	1081	473	167	522	935	132	488	929	176	111	46	580	99	60	81	55	133	49	246	87	119	74	150	477	532	629	93	35	66	51	86	129	600	72	922	1035	1693	72	137	565	207	426	790
SV_33	17	1084	0	22	1966	0	791	12820	20	0	0	0	27	0	22	0	0	0	0	0	801	0	102	41	49	40	758	35	0	0	0	1496	32	0	31	17	36	39	0	0	0	91	0	0	109	0	72	0	492	0	0	736	0	531	24	130	0	1757	0	1984	0	0	877	127	0	104	66	51	98	40	0	0	28	0	13	0	0	0	182	58	639
SV_34	37	148	84	71	102	0	2354	506	280	67	102	75	0	210	620	311	0	144	555	326	56	458	291	725	1580	176	0	0	83	0	0	470	1451	379	0	90	28	131	359	509	458	997	353	136	60	0	596	126	332	69	685	25	67	73	64	576	588	407	215	0	0	575	307	295	223	324	409	764	448	1876	748	1127	0	325	0	0	150	269	100	198	0
SV_35	0	376	1893	45	526	68	75	71	0	172	96	56	385	0	58	0	0	234	1086	0	71	58	0	362	0	47	370	0	0	679	743	109	0	113	0	196	997	0	335	308	225	33	107	132	135	67	0	545	0	0	36	0	244	327	157	0	210	0	0	80	199	98	65	0	1157	48	82	0	74	110	246	0	208	247	162	0	2599	309	333	1566	170
SV_36	0	156	219	456	536	0	0	0	0	0	55	1030	0	1609	0	0	310	103	438	433	0	2112	210	0	377	79	0	0	0	68	0	141	0	139	0	157	186	80	161	124	1590	0	213	196	0	0	0	108	215	388	150	189	298	77	0	69	1339	327	83	0	0	0	0	0	0	967	167	277	151	170	970	113	321	840	256	306	364	51	0	0	201
SV_37	356	0	540	486	78	81	0	0	0	319	111	0	0	0	481	0	0	116	213	120	52	141	0	851	0	79	0	0	68	0	0	0	416	0	0	65	0	84	131	0	78	96	283	950	83	2431	268	893	1567	354	1276	0	0	356	51	1586	0	52	0	0	50	120	78	727	97	0	139	247	131	359	131	0	0	143	179	1388	68	147	35	55	262
SV_39	168	307	222	128	228	146	214	157	143	115	133	259	213	230	126	114	47	520	316	247	228	165	298	181	219	338	384	301	365	337	318	251	228	162	166	123	177	254	125	226	154	267	326	277	172	255	97	114	159	240	249	241	283	148	348	329	261	249	173	341	207	180	138	362	222	247	232	321	241	221	231	193	382	405	186	137	157	83	160	221	158
SV_40	0	96	132	0	0	0	0	0	0	393	234	814	0	0	0	743	294	161	82	0	0	0	0	126	404	201	69	0	389	0	0	0	92	0	140	0	91	0	119	372	326	191	1087	0	200	357	301	339	0	104	0	690	137	192	0	1335	191	91	194	542	582	0	650	0	96	595	0	0	0	0	87	0	821	672	0	637	0	0	269	1242	71
SV_41	211	244	118	0	168	0	50	194	0	106	0	360	146	0	0	138	0	0	141	0	106	71	31	0	0	0	599	347	88	106	109	0	364	459	1011	603	146	0	85	0	0	0	112	0	102	1525	0	0	0	199	931	0	0	139	0	0	138	0	276	400	0	91	41	0	158	1101	79	240	86	266	264	0	322	543	236	1464	1547	53	227	0	0
SV_42	263	170	497	93	198	44	68	54	134	302	226	127	158	300	143	574	124	550	806	386	158	175	195	325	434	186	484	138	273	219	216	196	175	180	278	183	125	157	73	315	142	335	94	157	135	74	247	347	516	93	132	277	107	82	81	159	135	67	0	119	124	103	195	143	56	250	171	129	178	190	272	194	174	173	79	454	70	99	142	225	92
SV_43	87	82	50	1441	54	556	16	0	11	38	80	1183	0	15	133	58	21	76	135	0	0	0	0	38	25	93	218	333	429	14	0	131	233	140	447	114	34	522	107	275	184	28	58	117	18	22	34	926	21	120	78	71	0	74	120	473	62	23	927	118	1400	792	83	31	25	0	21	0	17	87	196	74	81	360	0	15	1445	423	60	185	28
SV_44	56	0	290	0	0	718	21	0	0	207	97	364	3188	164	34	9	0	0	0	0	105	0	0	0	0	0	1762	226	56	23	15	16	25	20	18	0	135	16	153	112	75	170	24	758	42	61	0	1821	56	29	55	125	0	17	808	1282	75	121	29	142	0	0	0	14	22	846	192	30	173	0	0	18	0	0	9	896	24	172	0	0	81
SV_45	26	0	193	27	128	60	54	27	245	781	271	25	164	97	17	104	94	0	44	0	39	71	234	24	163	15	56	235	33	137	98	132	19	0	239	22	41	137	273	61	12	161	887	49	950	463	185	754	92	171	33	224	12	870	50	41	68	724	0	824	697	150	187	8	70	20	77	14	76	448	139	72	18	288	74	0	65	137	76	106	696
SV_46	0	0	0	557	0	81	225	0	33	0	0	140	0	60	0	0	35	0	509	49	327	25	0	59	0	35	30	0	93	429	420	117	0	0	101	0	818	1061	0	69	22	270	263	1441	0	217	135	0	17	0	0	0	0	0	38	57	16	83	995	0	0	805	0	0	0	0	0	0	0	38	0	271	45	121	0	0	139	0	2180	52	146
SV_47	873	94	772	0	105	70	104	0	0	0	0	257	0	147	0	62	109	0	0	0	0	109	69	202	0	0	0	0	0	510	616	147	154	401	524	458	1146	0	122	51	307	0	53	0	78	0	0	149	0	62	666	0	0	0	96	204	128	75	101	134	0	902	96	0	0	0	366	0	372	820	0	57	0	76	0	0	0	257	122	167	188
SV_48	362	521	120	572	0	253	0	0	951	0	35	0	0	0	0	0	0	0	0	38	0	0	0	113	159	63	0	305	0	377	372	0	0	72	95	0	0	590	112	798	0	708	649	540	647	0	92	39	46	165	0	0	0	90	230	0	221	0	271	128	114	60	82	635	0	0	29	0	32	302	129	0	242	55	0	0	0	0	0	124	702
SV_49	35	735	59	0	73	0	0	0	12	3915	0	10	0	0	205	0	0	0	90	107	19	0	70	0	22	214	252	69	343	49	39	35	0	123	163	20	154	0	155	0	260	0	57	0	85	51	0	849	0	246	67	0	50	147	42	93	0	0	0	0	74	40	37	0	138	63	8	116	12	0	0	0	441	884	189	0	0	0	84	10	915
SV_52	17	36	25	562	148	60	297	124	78	37	6	411	118	693	69	124	110	28	4	0	136	43	33	356	120	232	17	0	0	9	10	40	59	229	113	51	8	8	5	36	90	294	45	117	157	0	0	0	97	252	99	69	51	37	1747	679	292	127	97	187	282	223	650	20	10	12	130	20	125	57	36	52	2	12	24	37	0	58	175	47	29
SV_54	155	190	289	0	0	59	0	58	0	215	356	0	0	0	705	99	136	242	78	97	0	152	0	0	0	66	0	69	113	134	104	0	86	412	0	0	0	0	404	145	871	161	221	77	170	316	0	352	217	154	60	141	93	83	72	88	142	0	156	115	113	88	271	0	217	0	94	0	64	305	145	0	217	170	64	0	0	0	110	156	300
SV_58	0	0	0	0	78	232	0	0	24	143	0	80	87	0	37	0	48	0	0	0	73	0	0	29	5	0	0	0	0	10	7	0	288	0	44	0	91	0	0	0	58	873	1112	297	65	127	54	0	21	334	0	79	0	18	40	0	242	314	190	144	194	0	99	0	0	0	368	53	374	0	0	0	38	0	33	1464	122	0	441	919	75
SV_59	30	206	0	21	110	89	0	20	0	228	29	29	19	20	31	105	4005	0	38	0	18	0	233	68	34	37	1202	0	34	20	19	80	96	0	36	0	0	18	0	0	0	43	0	115	40	7	37	0	36	38	84	0	47	0	26	137	62	20	264	35	0	0	29	36	55	54	71	12	70	0	95	0	49	134	32	103	36	134	47	0	0
SV_60	0	0	85	42	72	505	8	0	0	201	0	42	23	380	0	211	0	0	14	0	47	0	48	0	15	0	533	0	0	26	25	42	0	0	12	0	0	12	0	0	0	50	0	161	147	0	0	494	170	82	206	38	0	79	779	792	93	354	0	322	0	0	0	34	118	252	317	0	261	0	0	28	0	47	0	775	12	172	0	55	104
SV_61	378	687	452	107	362	0	20	24	0	553	22	0	24	46	52	81	114	0	0	87	0	0	30	59	141	34	15	39	0	0	0	0	33	0	23	46	1206	82	633	70	216	38	96	0	37	0	21	255	0	0	0	806	42	57	45	0	24	0	42	20	64	0	279	0	0	0	0	141	0	43	0	0	0	336	0	47	36	77	0	97	0
SV_65	136	0	97	144	0	0	0	318	0	302	178	0	227	0	46	74	0	81	0	0	165	263	0	75	0	168	0	0	117	87	99	215	203	64	147	0	80	333	126	260	167	94	76	0	57	108	62	152	66	168	86	73	74	0	199	128	185	0	0	0	99	56	78	33	165	0	53	0	46	102	0	122	209	80	0	85	70	0	494	27	30
SV_66	0	0	0	60	0	8	35	0	271	0	0	43	0	965	0	0	25	0	76	146	115	258	0	14	0	94	10	0	20	30	47	1513	0	0	28	0	254	154	0	38	73	44	169	201	0	880	9	0	58	0	0	0	0	0	166	10	158	141	182	0	0	153	0	0	0	0	0	0	0	156	0	43	14	313	0	0	15	0	43	178	35
SV_77	0	39	20	332	232	88	244	88	0	0	0	112	26	44	61	0	70	85	97	0	0	0	0	224	28	93	89	0	19	0	0	58	145	0	0	0	51	0	63	39	44	0	0	88	146	0	106	52	203	100	90	36	0	0	70	151	43	0	131	0	0	0	249	151	131	0	189	484	196	0	92	0	202	40	33	0	65	0	0	0	61
SV_88	7	246	8	13	385	8	65	611	15	0	20	8	12	0	5	0	6	15	0	0	205	3	38	12	16	8	355	19	6	0	5	367	11	0	7	0	9	9	7	0	0	36	0	18	31	5	86	0	227	2	0	174	14	83	5	28	3	189	3	267	2	0	172	86	9	45	24	11	30	44	6	0	8	0	27	15	0	14	11	14	117
SV_89	7	168	12	14	370	9	22	406	19	0	35	6	3	0	4	0	3	6	0	0	311	3	30	17	16	7	146	19	8	0	1	247	22	0	7	1	17	21	9	0	0	33	0	9	46	12	80	0	213	14	0	155	18	167	8	47	9	469	0	380	6	0	147	72	12	61	67	9	48	28	3	0	4	0	35	15	0	8	11	17	86
SV_99	9	37	138	0	0	9	4	10	0	0	0	5	0	10	0	0	0	9	0	0	8	0	0	0	0	31	19	0	4	36	33	5	1591	0	4	0	0	0	0	52	29	8	21	0	10	0	33	7	396	4	0	45	0	0	96	0	18	0	0	3	0	0	16	47	64	2	150	6	182	0	5	0	24	0	12	8	0	0	29	41	0
SV_118	10	0	8	11	3	73	0	0	6	7	31	75	0	19	10	10	1	3	16	0	0	0	0	25	6	15	7	25	23	9	0	2	4	4	11	17	146	91	66	75	23	19	163	0	4	10	47	729	5	136	27	2	0	3	5	1	4	3	17	4	35	78	5	54	2	0	5	0	3	13	8	4	48	25	0	0	13	26	3	126	5
